21,3
21,2
21,1
21,0
20,2
20,3
20,1
14,23
14,19
14,4
12,3
12,2
19,2
12,1
11,3
19,1
11,2
19,3
11,1
10,3
10,2
10,1
9,3
9,2
18,1
9,1
8,3
18,3
8,2
8,1
7,13
7,12
7,11
7,10
7,9
7,8
7,7
7,6
14,16
7,5
14,33
7,4
7,1
6,6
6,5
6,4
6,3
6,1
4,86
4,85
4,84
4,83
4,82
4,81
4,80
4,79
4,78
4,77
4,76
4,75
4,74
4,73
4,72
4,71
4,70
4,69
4,1
3,3
3,2
3,1
2,3
2,2
2,1
0,0
620,9
620,8
620,7
620,1
620,5
0,436
713,3
712,3
712,1
712,7
0,495
713,1
713,6
0,418
0,501
14,20
14,8
14,6
14,32
14,7
14,31
14,14
13,1
13,5
14,15
13,4
14,34
13,3
14,10
14,12
14,1
14,25
14,3
0,9
0,443
880,34
880,33
880,32
880,31
